"","SKU PRODOTTO","ASIN LIVE AMAZON","ASIN FORNITO TENACTA","L'ASIN LIVE SU AMAZON è UGUALE ALL'ASIN FORNITO TENACTA?","NOME PRODOTTO LIVE AMAZON","LUNGHEZZA NOME PRODOTTO LIVE SU AMAZON","NOME PRODOTTO UFFICIALE FORNITO DA TENACTA","LUNGHEZZA NOME PRODOTTO FORNITO DA TENACTA","IL NOME PRODOTTO LIVE AMAZON è UGUALE AL NOME PRODOTTO UFFICIALE TENACTA?","LA LUNGHEZZA DEL NOME PRODOTTO LIVE AMAZON è UGUALE ALLA LUNGHEZZA DEL NOME UFFICIALE TENACTA?","QUESTO ASIN RICHIEDE UNA CORREZIONE"
"1","6004E","B0056BZZDA","B0056BZZDA","TRUE","imetec scaldasonno singolo 150x80 cm, basso consumo, 50% lana e merino, 2 temperature, dispositivo sicurezza electro block, made in italy",137,"imetec scaldasonno singolo 150x80 cm, basso consumo, 50% lana e merino, 2 temperature, dispositivo sicurezza electro block, made in italy",137,"TRUE","TRUE","TRUE"
"2","6015E","B0056C02MI","B0056C02MI","TRUE","imetec scaldasonno matrimoniale 150x160 cm, 50% lana e merino, 2 temperature, dispositivo sicurezza electro block, made in italy",128,"imetec scaldasonno matrimoniale 150x160 cm, 50% lana e merino, 2 temperature, dispositivo sicurezza electro block, made in italy",128,"TRUE","TRUE","TRUE"
"3","5057X","B009E7CBIY","B009E7CBIY","TRUE","bellissima imetec face cleansing spazzola per pulizia viso, deterge ed esfolia la pelle, kit con 5 testine intercambiabili, tecnologia a vibrazione sonica, impermeabile, beauty bag inclusa",188,"bellissima imetec face cleansing spazzola per pulizia viso, deterge ed esfolia la pelle, kit con 5 testine intercambiabili, tecnologia a vibrazione sonica, impermeabile, beauty bag inclusa",188,"TRUE","TRUE","TRUE"
"4","6113E","B00A9269R2","B00A9269R2","TRUE",NA,NA,"imetec scaldasonno singolo, 150 x 80 cm, comando 2 temperature, tessuto trapuntato, lavabile a mano e in lavatrice a 40°c",121,NA,NA,NA
"5","7786","B00FM266R2","B00FM266R2","TRUE","imetec dolcevita es4 bilancia elettronica da cucina, pesa solidi e liquidi, contenitore estraibile, scala graduata, portata 5 kg, divisione 1 g, funzione tara, display digitale, spegnimento automatico",200,"imetec dolcevita es4 bilancia elettronica da cucina, pesa solidi e liquidi, contenitore estraibile, scala graduata, portata 5 kg, divisione 1 g, funzione tara, display digitale, spegnimento automatico",200,"TRUE","TRUE","TRUE"
"6","11072X","B00G3DNXIE","B00G3DNXIE","TRUE","bellissima imetec s5 2200 asciugacapelli, 2200 w, asciugatura rapida e styling a lunga durata, 8 combinazioni aria/temperatura, colpo daria fredda",146,"bellissima imetec s5 2200 asciugacapelli, 2200 w, asciugatura rapida e styling a lunga durata, 8 combinazioni aria/temperatura, colpo daria fredda",146,"TRUE","TRUE","TRUE"
"7","9559Z","B00GLSDCS2","B00GLSDCS2","TRUE","imetec nuvola ferro da stiro da viaggio a vapore, piastra in acciaio inossidabile da 1000 w, custodia da viaggio, doppio voltaggio",130,"imetec nuvola ferro da stiro da viaggio a vapore, piastra in acciaio inossidabile da 1000 w, custodia da viaggio, doppio voltaggio",130,"TRUE","TRUE","TRUE"
"8","11811X","B00HLUUNOK","B00HLUUNOK","TRUE","bellissima imetec creativity b15 50 piastra per capelli, styling liscio o mosso, rivestimento in nanoceramica, regolazione della temperatura da 140°c a 230°c, piastre oscillanti",177,"bellissima imetec creativity b15 50 piastra per capelli, styling liscio o mosso, rivestimento in nanoceramica, regolazione della temperatura da 140°c a 230°c, piastre oscillanti",177,"TRUE","TRUE","TRUE"
"9","5040","B00IRAFHB2","B00IRAFHB2","TRUE","imetec bellissima kit testine di ricambio face cleansing per pelli normali e pelli sensibili, 4 diverse testine per detergere, massaggiare, levigare e idratare la pelle",168,"bellissima imetec kit testine di ricambio face cleansing per pelli normali e pelli sensibili, 4 diverse testine per detergere, massaggiare, levigare e idratare la pelle",168,"NEED FIX","TRUE","NEED FIX"
"10","6221E","B00K6MR6JK","B00K6MR6JK","TRUE",NA,NA,"imetec scaldasonno matrimoniale, 150 x 140 cm, 2 comandi con 2 temperature, tessuto trapuntato, lavabile a mano e in lavatrice a 40°c",133,NA,NA,NA
"11","16175","B00M975Z7K","B00M975Z7K","TRUE","imetec 16176a scaldasonno sensitive matrimoniale, si adatta ai cambi di temperatura, morbido peluche, coprimaterasso maxi 190 x 160, electro block, 6 temperature, timer, risparmio energetico, lavabile",200,"imetec scaldasonno sensitive singolo, si adatta ai cambi di temperatura, morbido peluche, coprimaterasso maxi 190 x 90, electro block, 6 temperature, timer, risparmio energetico, lavabile",187,"NEED FIX","NEED FIX","NEED FIX"
"12","11234X","B00N4K5PDK","B00N4K5PDK","TRUE","bellissima imetec gh16 400 spazzola ad aria modellante con 2 accessori di styling, diametro 25 mm, potenza 400 w, 2 combinazioni flusso daria/temperatura, puntale antiscottatura",177,"bellissima imetec gh16 400 spazzola ad aria modellante con 2 accessori di styling, diametro 25 mm, potenza 400 w, 2 combinazioni flusso daria/temperatura, puntale antiscottatura",177,"TRUE","TRUE","TRUE"
"13","11312X","B00O4QVS66","B00O4QVS66","TRUE","bellissima imetec p2 2200 asciugacapelli professionale, potenza 2200 w, tecnologia a ioni per idratare i capelli e ridurre leffetto crespo, 8 combinazioni aria/temperatura, beccuccio stretto",190,"bellissima imetec p2 2200 asciugacapelli professionale, potenza 2200 w, tecnologia a ioni per idratare i capelli e ridurre leffetto crespo, 8 combinazioni aria/temperatura, beccuccio stretto",190,"TRUE","TRUE","TRUE"
"14","11140X","B00RP0J7AW","B00RP0J7AW","TRUE",NA,NA,"bellissima imetec b9 100 piastra per capelli, piastra extralunghe, riscaldamento rapido, multivoltaggio automatico, temperatura 210°, cavo giravole",147,NA,NA,NA
"15","11236X","B00SKVYB6K","B00SKVYB6K","TRUE","bellissima imetec gt13 50 arricciacapelli, rivestimento in ceramica, 7 diversi livelli di temperatura da 150°c a 210°c, diametro di 25 mm, riscaldamento rapido, pronto alluso",174,"bellissima imetec gt13 50 arricciacapelli, rivestimento in ceramica, 7 diversi livelli di temperatura da 150°c a 210°c, diametro di 25 mm, riscaldamento rapido, pronto alluso",174,"TRUE","TRUE","TRUE"
"16","11225X","B00VRGPXF8","B00VRGPXF8","TRUE","bellissima imetec gt15 100 arricciacapelli, ricci brillanti e definiti, diametro 19 mm, rivestimento in ceramica, riscaldamento rapido, pronto alluso",149,"bellissima imetec gt15 100 arricciacapelli, ricci brillanti e definiti, diametro 19 mm, rivestimento in ceramica, riscaldamento rapido, pronto alluso",149,"TRUE","TRUE","TRUE"
"17","11144X","B00VYLJ4H4","B00VYLJ4H4","TRUE","bellissima imetec creativity b9 300 piastra per capelli, styling liscio o mosso, rivestimento in ceramica, regolazione temperatura da 150°c a 230°c, sistema riscaldamento rapido",177,"bellissima imetec creativity b9 300 piastra per capelli, styling liscio o mosso, rivestimento in ceramica, regolazione temperatura da 150°c a 230°c, sistema riscaldamento rapido",177,"TRUE","TRUE","TRUE"
"18","11249X","B015O6A68K","B015O6A68K","TRUE","bellissima imetec creativity b9 400 piastra per capelli, styling liscio o mosso, rivestimento in ceramica e cheratina, piastre arrotondate",138,"bellissima imetec creativity b9 400 piastra per capelli, styling liscio o mosso, rivestimento in ceramica e cheratina, piastre arrotondate",138,"TRUE","TRUE","TRUE"
"19","11463X","B015O6A6GM","B015O6A6GM","TRUE","bellissima imetec p11 2300 asciugacapelli professionale, 2300 w, rivestimento in ceramica e tormalina, 8 combinazioni aria/temperatura, beccuccio stretto, diffusore capelli ricci",178,"bellissima imetec p11 2300 asciugacapelli professionale, 2300 w, rivestimento in ceramica e tormalina, 8 combinazioni aria/temperatura, beccuccio stretto, diffusore capelli ricci",178,"TRUE","TRUE","TRUE"
"20","11363X","B015O6AFPE","B015O6AFPE","TRUE","imetec c20 2100 asciugacapelli, 2100 w, beccuccio orientabile, diffusore professionale, funzione fast drying per unasciugatura rapida, 4 combinazioni aria/temperatura, colpo aria fredda, cavo 1.8 m",197,"imetec c20 2100 asciugacapelli, 2100 w, beccuccio orientabile, diffusore professionale, funzione fast drying per unasciugatura rapida, 4 combinazioni aria/temperatura, colpo aria fredda, cavo 1.8 m",197,"TRUE","TRUE","TRUE"
"21","7808","B01JOL22Y2","B01JOL22Y2","TRUE",NA,NA,"imetec hb3 frullatore a immersione, gambo large estraibile, lame in acciaio inox, funzionamento a impulsi, 450 w",112,NA,NA,NA
"22","7852","B01LXNKQOL","B01LXNKQOL","TRUE",NA,NA,"imetec panemio macchina del pane, impasta lievita e cuoce, 12 programmi, cestello pagnotta, accessorio panini, 3 livelli di doratura, avvio programmabile, 550 w, ricettario",172,NA,NA,NA
"23","11420X","B01N55NF5G","B01N55NF5G","TRUE","imetec bellissima my pro creativity color shine b22 100 piastra per capelli colorati, rivestimento in tessuto per la protezione dei capelli, temperatura regolabile da 150°c a 230°c",180,"bellissima imetec creativity color shine b22 100 piastra per capelli colorati, rivestimento in tessuto per la protezione dei capelli, temperatura regolabile da 150°c a 230°c",173,"NEED FIX","NEED FIX","NEED FIX"
"24","11619Y","B06WGV3DBP","B06WGV3DBP","TRUE","bellissima my pro imetec beach waves gt20 100 piastra per capelli a onde larghe e strette, rivestimento in ceramica, temperatura regolabile",139,"bellissima my pro imetec beach waves gt20 100 piastra per capelli a onde larghe e strette, rivestimento in ceramica, temperatura regolabile",139,"TRUE","TRUE","TRUE"
"25","11493X","B06WP9PPT6","B06WP9PPT6","TRUE","bellissima imetec intellisense b24 100 piastra intelligente, capelli lisci o mossi, protetti senza calore eccessivo, temperatura automatica su misura per tutti i capelli, rivestimento in ceramica",195,"bellissima imetec intellisense b24 100 piastra intelligente, capelli lisci o mossi, protetti senza calore eccessivo, temperatura automatica su misura per tutti i capelli, rivestimento in ceramica",195,"TRUE","TRUE","TRUE"
"26","7866","B0711KBY99","B0711KBY99","TRUE","imetec personal e sport blender pb 100 mini frullatore con 2 bottiglie take-away in tritan e 4 lame in acciaio inox, 22,000 giri/min",132,"imetec personal e sport blender pb 100 mini frullatore con 2 bottiglie take-away in tritan e 4 lame in acciaio inox, 22,000 giri/min",132,"TRUE","TRUE","TRUE"
"27","7395","B071451JHC","B071451JHC","TRUE","imetec sm 1000 soup maker, cuoce e frulla, 3 programmi automatici, vellutate, zuppe e frullati, 6 porzioni, lame seghettate acciaio inox, con ricettario, 900 w, 1.6 litri",170,"imetec sm 1000 soup maker, cuoce e frulla, 3 programmi automatici, vellutate, zuppe e frullati, 6 porzioni, lame seghettate acciaio inox, con ricettario, 900 w, 1.6 litri",170,"TRUE","TRUE","TRUE"
"28","11494X","B072MSQDQG","B072MSQDQG","TRUE","bellissima imetec b26 100 piastra per capelli lunghi o difficili da disciplinare, formato extra large, rivestimento in ceramica, 160° c - 230° c",144,"bellissima imetec b26 100 piastra per capelli lunghi o difficili da disciplinare, formato extra large, rivestimento in ceramica, 160° c - 230° c",144,"TRUE","TRUE","TRUE"
"29","7436","B0755CJFPL","B0755CJFPL","TRUE","imetec sp 100 spiralizer elettrico, tagliaverdure a spirale, affetta verdure in 3 forme spaghetti, tagliatelle, pappardelle, lame in acciaio inox, contenitore bpa free 500 ml, sistema di sicurezza",196,"imetec sp 100 spiralizer elettrico, tagliaverdure a spirale, affetta verdure in 3 forme spaghetti, tagliatelle, pappardelle, lame in acciaio inox, contenitore bpa free 500 ml, sistema di sicurezza",196,"TRUE","TRUE","TRUE"
"30","11424X","B075RFR2CV","B075RFR2CV","TRUE","bellissima imetec gt15 200 ferro arricciacapelli con rivestimento in ceramica, forma conica, controllo della temperatura",120,"bellissima imetec gt15 200 ferro arricciacapelli con rivestimento in ceramica, forma conica, controllo della temperatura",120,"TRUE","TRUE","TRUE"
"31","11504X","B075RGG4Y5","B075RGG4Y5","TRUE","bellissima imetec creativity b27 100 piastra per capelli con rivestimento in ceramica e controllo della temperatura, temperatura regolabile 150°c / 230°c",153,"bellissima imetec creativity b27 100 piastra per capelli con rivestimento in ceramica e controllo della temperatura, temperatura regolabile 150°c / 230°c",153,"TRUE","TRUE","TRUE"
"32","7862","B076998CD8","B076998CD8","TRUE","imetec succovivo pro 2000 estrattore di succo professionale a freddo, spremitura lenta 48 giri/min, 2 filtri per succhi, accessorio per granite e sorbetti, kit per maschere bellezza, con ricettario",197,"imetec succovivo pro 2000 estrattore di succo professionale a freddo, spremitura lenta 48 giri/min, 2 filtri per succhi, accessorio per granite e sorbetti, kit per maschere bellezza, con ricettario",197,"TRUE","TRUE","TRUE"
"33","16480","B078RL1X78","B078RL1X78","TRUE","imetec bw03 boule elettrica cordless, tecnologia ceramica, riscaldamento ultrarapido, termostato di sicurezza, spia di ricarica",127,"imetec bw03 boule elettrica cordless, tecnologia ceramica, riscaldamento ultrarapido, termostato di sicurezza, spia di ricarica",127,"TRUE","TRUE","TRUE"
"34","11640","B079FN8N4T","B079FN8N4T","TRUE","bellissima imetec bm 200 piastra mini per capelli lisci e luminosi, temperatura 200°, multivoltaggio automatico, dimensioni compatte da viaggio",143,"bellissima imetec bm 200 piastra mini per capelli lisci e luminosi, temperatura 200°, multivoltaggio automatico, dimensioni compatte da viaggio",143,"TRUE","TRUE","TRUE"
"35","11347A","B079Z9GXQS","B079Z9GXQS","TRUE","imetec salon expert p5 3600 asciugacapelli professionale, 2300 w, griglia con rivestimento in ceramica e cheratina, tecnologia a ioni, 8 combinazioni aria/temperatura, 2 beccucci",178,"imetec salon expert p5 3600 asciugacapelli professionale, 2300 w, griglia con rivestimento in ceramica e cheratina, tecnologia a ioni, 8 combinazioni aria/temperatura, 2 beccucci",178,"TRUE","TRUE","TRUE"
"36","9246","B07CKRCMB7","B07CKRCMB7","TRUE","imetec zerocalc z3 3500 ferro da stiro, tecnologia anticalcare, piastra inox 2400 w, colpo vapore 150 g",103,"imetec zerocalc z3 3500 ferro da stiro, tecnologia anticalcare, piastra inox 2400 w, colpo vapore 150 g",103,"TRUE","TRUE","TRUE"
"37","9006","B07CKY9SNZ","B07CKY9SNZ","TRUE","imetec zerocalc z1 2500 ferro da stiro, tecnologia anticalcare, piastra inox 2200 w, colpo vapore 120 g",103,"imetec zerocalc z1 2500 ferro da stiro, tecnologia anticalcare, piastra inox 2200 w, colpo vapore 120 g",103,"TRUE","TRUE","TRUE"
"38","11539","B07FYHM3QY","B07FYHM3QY","TRUE","bellissima imetec magic straight brush pb11 100 spazzola elettrica lisciante, 3 lati esterni riscaldati, spegnimento automatico, tecnologia a ioni, ceramica, 160 c°- 210°c",171,"bellissima imetec magic straight brush pb11 100 spazzola elettrica lisciante, 3 lati esterni riscaldati, spegnimento automatico, tecnologia a ioni, ceramica, 160 c°- 210°c",171,"TRUE","TRUE","TRUE"
"39","31001A","B07FZ4PVRP","B07FZ4PVRP","TRUE","bellissima my pro imetec steam b28 100 piastra per capelli professionale a vapore, effetto liscio a lungo, ceramica, temperatura regolabile 170°c - 200°c - 230°c, riscaldamento rapido",183,"bellissima my pro imetec steam b28 100 piastra per capelli professionale a vapore, effetto liscio a lungo, ceramica, temperatura regolabile 170°c - 200°c - 230°c, riscaldamento rapido",183,"TRUE","TRUE","TRUE"
"40","31002","B07JVLQ38M","B07JVLQ38M","TRUE","bellissima my pro imetec ceramic p5 3800 asciugacapelli professionale per capelli morbidi e luminosi, tecnologia ceramica, 2300 w",129,"bellissima my pro imetec ceramic p5 3800 asciugacapelli professionale per capelli morbidi e luminosi, tecnologia ceramica, 2300 w",129,"TRUE","TRUE","TRUE"
"41","9013","B07MZGRDJ4","B07MZGRDJ4","TRUE","imetec zerocalc z3 3700 ferro da stiro, tecnologia anticalcare, piastra ceramica ad alta scorrevolezza, 2400w, colpo vapore 160 g, 0,3 litri, dispositivo antigoccia tecnologia a risparmio energetico",198,"imetec zerocalc z3 3700 ferro da stiro, tecnologia anticalcare, piastra ceramica ad alta scorrevolezza, 2400w, colpo vapore 160 g, 0,3 litri, dispositivo antigoccia tecnologia a risparmio energetico",198,"TRUE","TRUE","TRUE"
"42","9245","B07NYRRF1Y","B07NYRRF1Y","TRUE","imetec zerocalc z3 3900 ferro da stiro a vapore, tecnologia anticalcare, tecnologia intellivapor (temperatura unica ideale per tutti i tessuti), piastra ceramica, 2400 w, colpo vapore 170 g",189,"imetec zerocalc z3 3900 ferro da stiro a vapore, tecnologia anticalcare, tecnologia intellivapor (temperatura unica ideale per tutti i tessuti), piastra ceramica, 2400 w, colpo vapore 170 g",189,"TRUE","TRUE","TRUE"
"43","9014","B07P35DTPJ","B07P35DTPJ","TRUE","imetec zerocalc ps1 2000 ferro da stiro compatto, 3.8 bar, tecnologia anticalcare e a risparmio energetico, ricarica continua, vapore pronto in 1 minuto, 2100 w, serbatoio xl da 1 l",181,"imetec zerocalc ps1 2000 ferro da stiro compatto, 3.8 bar, tecnologia anticalcare e a risparmio energetico, ricarica continua, vapore pronto in 1 minuto, 2100 w, serbatoio xl da 1 l",181,"TRUE","TRUE","TRUE"
"44","9012","B07PPC54RD","B07PPC54RD","TRUE","imetec zerocalc z1 2800 ferro da stiro con tecnologia anticalcare, piastra ceramica ad alta scorrevolezza, tecnologia a risparmio energetico, 2200 w, colpo vapore 130 g",168,"imetec zerocalc z1 2800 ferro da stiro con tecnologia anticalcare, piastra ceramica ad alta scorrevolezza, tecnologia a risparmio energetico, 2200 w, colpo vapore 130 g",168,"TRUE","TRUE","TRUE"
"45","11737","B07S5L8VYG","B07S5L8VYG","TRUE","bellissima my pro imetec magic style brush p2 30 spazzola riscaldata, capelli liscio effetto naturale/mosso sostenuto, diametro 30 mm, tecnologia a ioni, rivestimento ceramica",175,"bellissima my pro imetec magic style brush p2 30 spazzola riscaldata, capelli liscio effetto naturale/mosso sostenuto, diametro 30 mm, tecnologia a ioni, rivestimento ceramica",175,"TRUE","TRUE","TRUE"
"46","11725","B07S5L9937","B07S5L9937","TRUE","bellissima imetec my pro creativity infrared b8 200, piastra lisciante, tecnologia raggi infrarossi, rivestimento in ceramica e cheratina, 11 livelli di temperatura da 130 °c a 230 °c, cavo 1,8 m",195,"bellissima imetec my pro creativity infrared b8 200, piastra lisciante, tecnologia raggi infrarossi, rivestimento in ceramica e cheratina, 11 livelli di temperatura da 130 °c a 230 °c, cavo 1,8 m",195,"TRUE","TRUE","TRUE"
"47","9009","B07S61V42S","B07S61V42S","TRUE","imetec zerocalc kf1 100 kit 3 filtri anticalcare per ferri da stiro imetec zerocalc pro ceramic ps2 2400, ps2 2000, ps2 2200, intellivapor ps3 3000, imetec onda, ricambi originali",179,"imetec zerocalc kf1 100 kit 3 filtri anticalcare per ferri da stiro imetec zerocalc pro ceramic ps2 2400, ps2 2000, ps2 2200, intellivapor ps3 3000, imetec onda, ricambi originali",179,"TRUE","TRUE","TRUE"
"48","5813","B07VC16GW8","B07VC16GW8","TRUE","imetec compact es1 100 bilancia pesapersone elettronica compatta, design ultrasottile, ampio lcd display, portata max 150 kg",124,"imetec compact es1 100 bilancia pesapersone elettronica compatta, design ultrasottile, ampio lcd display, portata max 150 kg",124,"TRUE","TRUE","TRUE"
"49","5811","B07VGH4Z81","B07VGH4Z81","TRUE","imetec body analizer es7 400 bilancia pesapersone diagnostica, misura acqua corporea, massa muscolare e grassa",110,"imetec body analizer es7 400 bilancia pesapersone diagnostica, misura acqua corporea, massa muscolare e grassa",110,"TRUE","TRUE","TRUE"
"50","11726","B07W3VJQZD","B07W3VJQZD","TRUE","bellissima my pro imetec gh18 1100 modellatore ad aria, rivestimento spazzole in ceramica, 5 accessori per realizzare capelli lisci e luminosi, a onde morbide o ricci stretti, 1000 w",182,"bellissima my pro imetec gh18 1100 modellatore ad aria, rivestimento spazzole in ceramica, 5 accessori per realizzare capelli lisci e luminosi, a onde morbide o ricci stretti, 1000 w",182,"TRUE","TRUE","TRUE"
"51","5818","B07W4JVN8S","B07W4JVN8S","TRUE","imetec monitoring es9 300 bilancia pesapersone elettronica, monitoraggio trend grafico peso, 4 utenti, fino a 180 kg, lcd display, vetro temperato",146,"imetec monitoring es9 300 bilancia pesapersone elettronica, monitoraggio trend grafico peso, 4 utenti, fino a 180 kg, lcd display, vetro temperato",146,"TRUE","TRUE","TRUE"
"52","5823","B07WBZC85N","B07WBZC85N","TRUE","imetec precision es13 200 bilancia pesapersone elettronica, rivela anche le minime variazioni di peso, fino a 180 kg, lcd display, vetro temperato, batterie incluse",164,"imetec precision es13 200 bilancia pesapersone elettronica, rivela anche le minime variazioni di peso, fino a 180 kg, lcd display, vetro temperato, batterie incluse",164,"TRUE","TRUE","TRUE"
"53","11657A","B07Y8DHN3F","B07Y8DHN3F","TRUE","imetec eco se9 1000 asciugacapelli con tecnologia eco technology 1400 w, consumo energetico ridotto, 8 combinazioni aria/temperatura, diffusore per capelli ricci",161,"imetec eco se9 1000 asciugacapelli con tecnologia eco technology 1400 w, consumo energetico ridotto, 8 combinazioni aria/temperatura, diffusore per capelli ricci",161,"TRUE","TRUE","TRUE"
"54","11728","B07Y8DPHCL","B07Y8DPHCL","TRUE","bellissima imetec p3 3400 asciugacapelli con motore ac professionale, tecnologia a ioni per capelli morbidi, idratati e luminosi, griglia rivestita in ceramica, 2400 w di potenza",178,"bellissima imetec p3 3400 asciugacapelli con motore ac professionale, tecnologia a ioni per capelli morbidi, idratati e luminosi, griglia rivestita in ceramica, 2400 w di potenza",178,"TRUE","TRUE","TRUE"
"55","16633A","B07Y8FDGDQ","B07Y8FDGDQ","TRUE","imetec scaldasonno adapto piazza e mezza 150 x 120 cm, basso consumo, tecnologia brevettata, riscaldamento rapido, temperatura personalizzata, 100 % cotone, made in italy, comando con 6 temperature",197,"imetec scaldasonno adapto piazza e mezza 150 x 120 cm, basso consumo, tecnologia brevettata, riscaldamento rapido, temperatura personalizzata, 100 % cotone, made in italy, comando con 6 temperature",197,"TRUE","TRUE","TRUE"
"56","16652A","B07Y8FZ6GJ","B07Y8FZ6GJ","TRUE","imetec scaldasonno adapto singolo 150 x 80 cm, riscaldamento rapido, temperatura costante e personalizzata, tessuto trapuntato anallergico, made in italy, comando con 6 temperature",180,"imetec scaldasonno adapto singolo 150 x 80 cm, riscaldamento rapido, temperatura costante e personalizzata, tessuto trapuntato anallergico, made in italy, comando con 6 temperature",180,"TRUE","TRUE","TRUE"
"57","16629A","B07Y8GCMLG","B07Y8GCMLG","TRUE","imetec scaldasonno adapto matrimoniale 150 x 160 cm, basso consumo, riscaldamento rapido, temperatura personalizzata, 100% lana e merino, made in italy, 2 comandi separati, 6 temperature",186,"imetec scaldasonno adapto matrimoniale 150 x 160 cm, basso consumo, riscaldamento rapido, temperatura personalizzata, 100% lana e merino, made in italy, 2 comandi separati, 6 temperature",186,"TRUE","TRUE","TRUE"
"58","16631A","B07Y8GH4K8","B07Y8GH4K8","TRUE","imetec scaldasonno adapto matrimoniale 150 x 160 cm, basso consumo, tecnologia brevettata, riscaldamento rapido, temperatura personalizzata, 100% cotone, made in italy, 2 comandi con 6 temperature",196,"imetec scaldasonno adapto matrimoniale 150 x 160 cm, basso consumo, tecnologia brevettata, riscaldamento rapido, temperatura personalizzata, 100% cotone, made in italy, 2 comandi con 6 temperature",196,"TRUE","TRUE","TRUE"
"59","16628B","B07Y8GQMP5","B07Y8GQMP5","TRUE","imetec scaldasonno adapto singolo 150 x 80 cm, basso consumo, riscaldamento rapido, temperatura personalizzata, 100% lana e merino, made in italy, tessuto antiscivolo, comando con 6 temperature",193,"imetec scaldasonno adapto singolo 150 x 80 cm, basso consumo, riscaldamento rapido, temperatura personalizzata, 100% lana e merino, made in italy, tessuto antiscivolo, comando con 6 temperature",193,"TRUE","TRUE","TRUE"
"60","16653A","B07Y8GQVND","B07Y8GQVND","TRUE","imetec scaldasonno adapto matrimoniale, basso consumo, riscaldamento rapido, temperatura personalizzata, tessuto trapuntato anallergico, made in italy, 2 comandi con 6 temperature, 150 x 160 cm",193,"imetec scaldasonno adapto matrimoniale, basso consumo, riscaldamento rapido, temperatura personalizzata, tessuto trapuntato anallergico, made in italy, 2 comandi con 6 temperature, 150 x 160 cm",193,"TRUE","TRUE","TRUE"
"61","16630A","B07Y8GR1WS","B07Y8GR1WS","TRUE","imetec scaldasonno adapto singolo 150 x 80 cm, basso consumo, tecnologia brevettata, riscaldamento rapido, temperatura personalizzata, 100% cotone, made in italy, comando con 6 temperature",188,"imetec scaldasonno adapto singolo 150 x 80 cm, basso consumo, tecnologia brevettata, riscaldamento rapido, temperatura personalizzata, 100% cotone, made in italy, comando con 6 temperature",188,"TRUE","TRUE","TRUE"
"62","11523","B082WSYYCX","B082WSYYCX","TRUE","bellissima imetec asciugacapelli k9 2300 asciuga e mantiene idratati i capelli senza effetto crespo, 2300 w, tecnologia a ioni, 8 combinazioni flusso daria temperatura, diffusore capellli ricci",193,"bellissima imetec asciugacapelli k9 2300 asciuga e mantiene idratati i capelli senza effetto crespo, 2300 w, tecnologia a ioni, 8 combinazioni flusso daria temperatura, diffusore capellli ricci",193,"TRUE","TRUE","TRUE"
"63","11520","B082WSZXHB","B082WSZXHB","TRUE","bellissima imetec asciugacapelli s9 2200 asciuga e modella con precisione, 2200 w, 8 combinazioni flusso daria temperatura, beccuccio di precisione, colpo aria fredda",166,"bellissima imetec asciugacapelli s9 2200 asciuga e modella con precisione, 2200 w, 8 combinazioni flusso daria temperatura, beccussio di precisione, colpo aria fredda",166,"NEED FIX","TRUE","NEED FIX"
"64","7916T","B0848JZ6KP","B0848JZ6KP","TRUE","imetec zero-glu pro, macchina per pane, ciabatte e panini senza glutine per celiaci, pasta pizza, dolci, marmellate, 20 programmi, 2 pale impastatrici, temperatura levitazione controllata, ricettario",199,"imetec zero-glu pro, macchina per pane, ciabatte e panini senza glutine per celiaci, pasta pizza, dolci, marmellate, 20 programmi, 2 pale impastatrici, temperatura levitazione controllata, ricettario",199,"TRUE","TRUE","TRUE"
"65","16728B","B08HR1VGSR","B08HR1VGSR","TRUE","imetec scaldasonno adapto maxi coprimaterasso singolo 195x90 cm, basso consumo, riscaldamento rapido, temperatura personalizzata, tessuto anallergico trapuntato, comando a 6 temperature",185,"imetec scaldasonno adapto maxi coprimaterasso singolo 195x90 cm, basso consumo, riscaldamento rapido, temperatura personalizzata, tessuto anallergico trapuntato, comando a 6 temperature",185,"TRUE","TRUE","TRUE"
"66","16729B","B08HR23S41","B08HR23S41","TRUE",NA,NA,"imetec scaldasonno adapto maxi coprimaterasso matrimoniale 195x165 cm, basso consumo, riscaldamento rapido, temperatura personalizzata, tessuto anallergico trapuntato, doppio comando, 6 temperature",197,NA,NA,NA
"67","9440","B08HS4ZSMH","B08HS4ZSMH","TRUE","imetec onda f2, ferro da stiro a vapore con piastra a onde scorrevole brevettata, 2400 w, colpo di vapore 200g, serbatoio 300 ml, tripla protezione anticalcare",159,"imetec onda f2, ferro da stiro a vapore con piastra a onde scorrevole brevettata, 2400 w, colpo di vapore 200g, serbatoio 300 ml, tripla protezione anticalcare",159,"TRUE","TRUE","TRUE"
"68","9432","B08HS61FJ5","B08HS61FJ5","TRUE","imetec onda p2 ferro da stiro generatore di vapore, piastra a onde scorrevole brevettata, 2400w, colpo vapore 300 g, serbatoio 2,5l, 3 filtri con ioni di argento, tecnologia no stop vapor",187,"imetec onda p2 ferro da stiro generatore di vapore, piastra a onde scorrevole brevettata, 2400w, colpo vapore 300 g, serbatoio 2,5l, 3 filtri con ioni di argento, tecnologia no stop vapor",187,"TRUE","TRUE","TRUE"
"69","7494","B08HS77R9B","B08HS77R9B","TRUE","imetec cukò maestro, robot da cucina con cottura, 20 programmi, 10 funzioni, impasta pane e pizza, capienza 2 l, fino a 6 porzioni, 8 accessori, ricettario, 1000 w",163,"imetec cukò maestro, robot da cucina con cottura, 20 programmi, 10 funzioni, impasta pane e pizza, capienza 2 l, fino a 6 porzioni, 8 accessori, ricettario, 1000 w",163,"TRUE","TRUE","TRUE"
"70","11769","B08J8XCSH4","B08J8XCSH4","TRUE","bellissima my pro imetec gt22 120, accessorio sculpted curls per styler arricciacapelli twist & style, ferro riscaldato da 11 mm, rivestimento in ceramica, temperatura 185°c",173,"bellissima my pro imetec gt22 120, accessorio sculpted curls per styler arricciacapelli twist & style, ferro riscaldato da 11 mm, rivestimento in ceramica, temperatura 185°c",173,"TRUE","TRUE","TRUE"
"71","11770","B08J8XCSHB","B08J8XCSHB","TRUE","bellissima my pro imetec gt22 130, accessorio loose waves per styler arricciacapelli twist&style, ferro riscaldato ad ellisse, diametro da 26 a 38 mm, rivestimento ceramica, temperatura 190°c",191,"bellissima my pro imetec gt22 130, accessorio loose waves per styler arricciacapelli twist&style, ferro riscaldato ad ellisse, diametro da 26 a 38 mm, rivestimento ceramica, temperatura 190°c",191,"TRUE","TRUE","TRUE"
"72","11749","B08J8XH5BH","B08J8XH5BH","TRUE","bellissima my pro imetec twist & style gt22 100, manico per styler arricciacapelli per onde e ricci, temperatura automatica, riscaldamento rapido, orientabile a 90°, accessori non inclusi",187,"bellissima my pro imetec twist & style gt22 100, manico per styler arricciacapelli per onde e ricci, temperatura automatica, riscaldamento rapido, orientabile a 90°, accessori non inclusi",187,"TRUE","TRUE","TRUE"
"73","16715B","B08J8XJHNM","B08J8XJHNM","TRUE","imetec adapto velvet tartan plaid riscaldabile, coperta elettrica 160x120 cm tessuto morbido, basso consumo, tecnologia adapto, dispositivo di sicurezza, rapido riscaldamento, 6 temperature, lavabile",199,"imetec adapto velvet tartan plaid riscaldabile, coperta elettrica 160x120 cm tessuto morbido, basso consumo, tecnologia adapto, dispositivo di sicurezza, rapido riscaldamento, 6 temperature, lavabile",199,"TRUE","TRUE","TRUE"
"74","16751B","B08J8XMFQN","B08J8XMFQN","TRUE","imetec scaldasonno adapto maxi coprimaterasso matrimoniale 195 x 165 cm, basso consumo, riscaldamento rapido, temperatura personalizzata, 100% lana e merino, doppio comando, 6 temperature",187,"imetec scaldasonno adapto maxi coprimaterasso matrimoniale 195 x 165 cm, basso consumo, riscaldamento rapido, temperatura personalizzata, 100% lana e merino, doppio comando, 6 temperature",187,"TRUE","TRUE","TRUE"
"75","11772","B08J8XN21F","B08J8XN21F","TRUE","bellissima my pro imetec gt22 140 accessorio glamour waves per styler arricciacapelli twist&style, ferro riscaldato forma conica, diametro 13/38 mm, rivestimento in ceramica, temperatura 190°c",192,"bellissima my pro imetec gt22 140 accessorio glamour waves per styler arricciacapelli twist&style, ferro riscaldato forma conica, diametro 13/38 mm, rivestimento in ceramica, temperatura 190°c",192,"TRUE","TRUE","TRUE"
"76","11768","B08J8XNFNC","B08J8XNFNC","TRUE","bellissima my pro imetec gt22 110, accessorio soft curls per styler arricciacapelli twist & style, ferro riscaldato da 25 mm, rivestimento in ceramica, temperatura 185°c",169,"bellissima my pro imetec gt22 110, accessorio soft curls per styler arricciacapelli twist & style, ferro riscaldato da 25 mm, rivestimento in ceramica, temperatura 185°c",169,"TRUE","TRUE","TRUE"
"77","16775B","B08J8Z15M1","B08J8Z15M1","TRUE","imetec adapto velvet square plaid riscaldabile, coperta elettrica 150x95 cm tessuto morbido, basso consumo, tecnologia adapto, dispositivo di sicurezza, rapido riscaldamento, 6 temperature, lavabile",198,"imetec adapto velvet square plaid riscaldabile, coperta elettrica 150x95 cm tessuto morbido, basso consumo, tecnologia adapto, dispositivo di sicurezza, rapido riscaldamento, 6 temperature, lavabile",198,"TRUE","TRUE","TRUE"
"78","16777","B08J8ZH957","B08J8ZH957","TRUE","imetec adapto velvet tartan plaid riscaldabile con tasca mani e piedi, coperta elettrica 150x110 cm, basso consumo, tecnologia adapto, sicuro, rapido riscaldamento, 6 temperature, lavabile",188,"imetec adapto velvet tartan plaid riscaldabile con tasca mani e piedi, coperta elettrica 150x110 cm, basso consumo, tecnologia adapto, sicuro, rapido riscaldamento, 6 temperature, lavabile",188,"TRUE","TRUE","TRUE"
"79","16776","B08J8ZLLDT","B08J8ZLLDT","TRUE","imetec adapto velvet jacquard plaid riscaldabile, coperta elettrica 140x180 cm tessuto morbido, basso consumo, tecnologia adapto, tecnologia di sicurezza, rapido riscaldamento, 6 temperature, lavabile",200,"imetec adapto velvet jacquard plaid riscaldabile, coperta elettrica 140x180 cm tessuto morbido, basso consumo, tecnologia adapto, dispositivo di sicurezza, rapido riscaldamento, 6 temperature, lavabile",201,"NEED FIX","NEED FIX","NEED FIX"
"80","7489T","B08JV7QK54","B08JV7QK54","TRUE","imetec la panetteria +zeroglu, macchina per pane, ciabatte, panini, dolci con farine naturali e senza glutine, 20 programmi, 2 pale impastatrici, temperatura di lievitazione controllata",185,"imetec la panetteria +zeroglu, macchina per pane, ciabatte, panini, dolci con farine naturali e senza glutine, 20 programmi, 2 pale impastatrici, temperatura di lievitazione controllata",185,"TRUE","TRUE","TRUE"
"81","7491","B08JV87TZW","B08JV87TZW","TRUE","imetec succovivo sj4 1300 estrattore di succo professionale a freddo, spremitura lenta 50 giri/min, filtro per succhi, accessorio per granite e sorbetti, pulizia in 2 minuti",173,"imetec succovivo sj4 1300 estrattore di succo professionale a freddo, spremitura lenta 50 giri/min, filtro per succhi, accessorio per granite e sorbetti, pulizia in 2 minuti",173,"TRUE","TRUE","TRUE"
"82","7481","B08JV8FFYH","B08JV8FFYH","TRUE","imetec griglia&gusta bistecchiera, piastre antiaderenti removibili, rivestimento triplo strato al titanio stone-look, grill con 7 posizioni, 3 funzioni di cottura, thermo control, 2000 watt",189,"imetec griglia&gusta bistecchiera, piastre antiaderenti removibili, rivestimento triplo strato al titanio stone-look, grill con 7 posizioni, 3 funzioni di cottura, thermo control, 2000 watt",189,"TRUE","TRUE","TRUE"
"83","7493","B08JV8L49M","B08JV8L49M","TRUE","imetec tostamaxi tostapane, 2 fessure extralarge e pinze apribili per toast extrafarciti, 10 livelli di doratura, timer con autospegnimento, cassetto raccoglibriciole, 600 watt",176,"imetec tostamaxi tostapane, 2 fessure extralarge e pinze apribili per toast extrafarciti, 10 livelli di doratura, timer con autospegnimento, cassetto raccoglibriciole, 600 w",173,"NEED FIX","NEED FIX","NEED FIX"
"84","7487","B08JV9LX42","B08JV9LX42","TRUE","imetec la tostagriglia, tostiera, piastre xl rigate e antiaderenti, interruttore on/off, spia riscaldamento piastre, gancio chiusura, avvolgicavo, tostapane compatto, 900 w",172,"imetec la tostagriglia, tostiera, piastre xl rigate e antiaderenti, interruttore on/off, spia riscaldamento piastre, gancio chiusura, avvolgicavo, tostapane compatto, 900 w",172,"TRUE","TRUE","TRUE"
"85","7492","B08JV9VVQT","B08JV9VVQT","TRUE","imetec la grattugia, grattugia elettrica, rullo in acciaio inox, tramoggia in alluminio, contenitore estraibile con coperchio salvafreschezza, sistema di sicurezza, 150 w",170,"imetec la grattugia, grattugia elettrica, rullo in acciaio inox, tramoggia in alluminio, contenitore estraibile con coperchio salvafreschezza, sistema di sicurezza, 150 w",170,"TRUE","TRUE","TRUE"
"86","7485","B08JVC7VB4","B08JVC7VB4","TRUE","imetec crea&crema sbattitore elettrico, fruste extralunghe per impasti dolci e panna montata, ganci acciaio inox per impastare, 5 velocità, funzione turbo, design ergonomico, 500 w",180,"imetec crea&crema sbattitore elettrico, fruste extralunghe per impasti dolci e panna montata, ganci acciaio inox per impastare, 5 velocità, funzione turbo, design ergonomico, 500 w",180,"TRUE","TRUE","TRUE"
"87","7499","B08JVCHZF3","B08JVCHZF3","TRUE","imetec frullatutto frullatore, lame tritaghiaccio in acciaio inox, bicchiere da 800 ml in vetro antigraffio, 2 velocità, funzionamento impulsi, 500 w, 2 velocità, lavabile lavastoviglie",185,"imetec frullatutto frullatore, lame tritaghiaccio in acciaio inox, bicchiere da 800 ml in vetro antigraffio, 2 velocità, funzionamento impulsi, 500 w, 2 velocità, lavabile lavastoviglie",185,"TRUE","TRUE","TRUE"
"88","11799","B08LVXG2V1","B08LVXG2V1","TRUE","bellissima my pro imetec diffon ceramic, diffusore ad aria calda per capelli ricci, tecnologia ceramica, 700 w, 2 combinazioni aria/temperatura, asciugatura delicata senza effetto crespo",186,"bellissima my pro imetec diffon ceramic, diffusore ad aria calda per capelli ricci, tecnologia ceramica, 700 w, 2 combinazioni aria/temperatura, asciugatura delicata senza effetto crespo",186,"TRUE","TRUE","TRUE"
"89","7474","B08NK1L69Z","B08NK1L69Z","TRUE","imetec tritamax, tritatutto, 4 lame in acciaio inox, capiente contenitore 600 ml, accessorio frusta per salse e panna montata, 2 velocità, 500 watt",147,"imetec tritamax, tritatutto, 4 lame in acciaio inox, capiente contenitore 600 ml, accessorio frusta per salse e panna montata, 2 velocità, 500 watt",147,"TRUE","TRUE","TRUE"
"90","7599","B08NK25BLP","B08NK25BLP","TRUE","imetec frulla&crea frullatore a immersione, 3 accessori, tritatutto, frusta e bicchiere bpa free, piede large, 2 velocità, 1000 w, 15000 giri minuto",148,"imetec frulla&crea frullatore a immersione, 3 accessori, tritatutto, frusta e bicchiere bpa free, piede large, 2 velocità, 1000 w, 15000 giri minuto",148,"TRUE","TRUE","TRUE"
"91","11738","B08NKXBJX1","B08NKXBJX1","TRUE","bellissima my pro imetec beach waves gt20 400 piastra per capelli per onde larghe e strette, rivestimento in ceramica, temperatura regolabile 160 c°- 200°c",155,"bellissima my pro imetec beach waves gt20 400 piastra per capelli per onde larghe e strette, rivestimento in ceramica, temperatura regolabile 160 c°- 200°c",155,"TRUE","TRUE","TRUE"
"92","7479","B08NP5M6D4","B08NP5M6D4","TRUE","imetec frescoaroma macina caffè e spezie, pepe, zucchero, frutta secca elettrico con lame in acciaio inox, contenitore salva-freschezza, funzionamento a impulsi, 150 w",167,"imetec frescoaroma macina caffè e spezie, pepe, zucchero, frutta secca elettrico con lame in acciaio inox, contenitore salva-freschezza, funzionamento a impulsi, 150 w",167,"TRUE","TRUE","TRUE"
"93","7870","B08NPF5HWD","B08NPF5HWD","TRUE","imetec frulla&trita frullatore a immersione, lame in acciaio inox, piede extra large, gambo estraibile, bicchiere graduato da 1 litro, 800 watt, 15.000 giri minuto",163,"imetec frulla&trita frullatore a immersione, lame in acciaio inox, piede extra large, gambo estraibile, bicchiere graduato da 1 litro, 800 watt, 15.000 giri minuto",163,"TRUE","TRUE","TRUE"
"94","7471","B08NPG5D5Y","B08NPG5D5Y","TRUE","imetec buonfrullato, frullatore compatto, bicchiere in plastica bpa free, capacità 700 ml, coperchio dosa liquidi, 400 w",120,"imetec buonfrullato, frullatore compatto, bicchiere in plastica bpa free, capacità 700 ml, coperchio dosa liquidi, 400 w",120,"TRUE","TRUE","TRUE"
"95","7475","B08NPMMFWQ","B08NPMMFWQ","TRUE","imetec tritapiù tritatutto, 4 lame in acciaio inox, capiente contenitore 600 ml, 18.000 giri/min, funzionamento a pressione, 1000 w, materiali bpa free",151,"imetec tritapiù tritatutto, 4 lame in acciaio inox, capiente contenitore 600 ml, 18.000 giri/min, funzionamento a pressione, 1000 w, materiali bpa free",151,"TRUE","TRUE","TRUE"
"96","7473","B08NPR8QNN","B08NPR8QNN","TRUE","imetec tritacompact tritatutto, lame in acciaio inox, capienza contenitore 400 ml, funzionamento a pressione, compatto, 350 w",125,"imetec tritacompact tritatutto, lame in acciaio inox, capienza contenitore 400 ml, funzionamento a pressione, compatto, 350 w",125,"TRUE","TRUE","TRUE"
"97","7478","B08NPR9BYM","B08NPR9BYM","TRUE","imetec frullarapido, frullatore a immersione, gambo xl in acciaio, lame in acciaio inox, funzionamento a impulsi, 450 w",119,"imetec frullarapido, frullatore a immersione, gambo xl in acciaio, lame in acciaio inox, funzionamento a impulsi, 450 w",119,"TRUE","TRUE","TRUE"
"98","7486","B08R7NM2SF","B08R7NM2SF","TRUE",NA,NA,"imetec tosta&griglia, tostiera elettrica, piastre xl per preparare 3 toast alla volta, compatta, riponibile in verticale, 800 w, spie di funzionamento",150,NA,NA,NA
"99","7477","B08R7NSVL5","B08R7NSVL5","TRUE","imetec grantoast, tostapane per toast extra farciti, fessure xl, pinze a fondo chiuso apribili a 360° e regolabili in larghezza, 600 w, 10 livelli doratura, timer",162,"imetec grantoast, tostapane per toast extra farciti, fessure xl, pinze a fondo chiuso apribili a 360° e regolabili in larghezza, 600 w, 10 livelli doratura, timer",162,"TRUE","TRUE","TRUE"
"100","7472","B08RYGFL21","B08RYGFL21","TRUE","imetec frulla&gusta, frullatore con 4 lame in acciaio inox, bicchiare in vetro, 2 velocità e funzionamento impulsi, 500 w, capienza 800 ml, lavabile lavastoviglie, piedini antiscivolo",183,"imetec frulla&gusta, frullatore con 4 lame in acciaio inox, bicchiare in vetro, 2 velocità e funzionamento impulsi, 500 w, capienza 800 ml, lavabile lavastoviglie, piedini antiscivolo",183,"TRUE","TRUE","TRUE"
"101","9017","B08V11MR92","B08V11MR92","TRUE","imetec eco perfect ferro da stiro a vapore, risultati ottimi con -35% di consumo di acqua e -25% di consumo energetico, piastra con rivestimento pro ceramic, tripla protezione anticalcare, 2400 w",195,"imetec eco perfect ferro da stiro a vapore, risultati ottimi con -35% di consumo di acqua e -25% di consumo energetico, piastra con rivestimento pro ceramic, tripla protezione anticalcare, 2400 w",195,"TRUE","TRUE","TRUE"
"102","9027","B08X6QMR36","B08X6QMR36","TRUE","imetec onda f1, ferro da stiro a vapore con piastra a onde scorrevole brevettata, 2400 w, colpo di vapore 200g, serbatoio 300 ml, tripla protezione anticalcare",159,"imetec onda f1, ferro da stiro a vapore con piastra a onde scorrevole brevettata, 2400 w, colpo di vapore 200g, serbatoio 300 ml, tripla protezione anticalcare",159,"TRUE","TRUE","TRUE"
"103","11739","B08X7BYVZQ","B08X7BYVZQ","TRUE","bellissima imetec my pro revolution bhs4 1100, spazzola ad aria calda, asciuga e modella, rotazione automatica a doppio verso, 2 spazzole da 40 e 50 mm, ionizzatore, 1000 w, rivestimento in ceramica",198,"bellissima imetec my pro revolution bhs4 1100, spazzola ad aria calda, asciuga e modella, rotazione automatica a doppio verso, 2 spazzole da 40 e 50 mm, ionizzatore, 1000 w, rivestimento in ceramica",198,"TRUE","TRUE","TRUE"
"104","7480","B08XBZV29G","B08XBZV29G","TRUE","imetec grattugissima, grattuggia elettrica per formaggio, pane e frutta secca, contenitore estraibile, coperchio salvafreschezza, 150 w, rullo in acciacio, accessori lavabili in lavastoviglie",191,"imetec grattugissima, grattuggia elettrica per formaggio, pane e frutta secca, contenitore estraibile, coperchio salvafreschezza, 150 w, rullo in acciacio, accessori lavabili in lavastoviglie",191,"TRUE","TRUE","TRUE"
"105","11817","B093C19CSD","B093C19CSD","TRUE","imetec salon expert p3 3600 asciugacapelli, motore professionale, 2200 w, ionizzatore, griglia ceramica e tormalina, 8 combinazioni aria temperatura, concentratore e diffusore professionali",189,"imetec salon expert p3 3600 asciugacapelli, motore professionale, 2200 w, ionizzatore, griglia ceramica e tormalina, 8 combinazioni aria temperatura, concentratore e diffusore professionali",189,"TRUE","TRUE","TRUE"
"106","4028","B0987B62CP","B0987B62CP","TRUE","imetec silent power comfort, termoventilatore silenzioso e compatto, stufetta elettrica, 2100 w, 4 funzioni, termostato ambiente e di sicurezza, funzione antigelo, maniglia",172,"imetec silent power comfort, termoventilatore silenzioso e compatto, stufetta elettrica, 2100 w, 4 funzioni, termostato ambiente e di sicurezza, funzione antigelo, maniglia",172,"TRUE","TRUE","TRUE"
"107","4035","B0987BBB14","B0987BBB14","TRUE","imetec eco ceramic diffusion, stufetta elettrica, termoventilatore, corpo oscillante, tecnologia ceramica, basso consumo energetico, 6 funzioni di temperatura, timer",165,"imetec eco ceramic diffusion, stufetta elettrica, termoventilatore, corpo oscillante, tecnologia ceramica, basso consumo energetico, 6 funzioni di temperatura, timer",165,"TRUE","TRUE","TRUE"
"108","4030","B0987BTDT2","B0987BTDT2","TRUE","imetec silent power eco, termoventilatore silenzioso, stufetta elettrica, tecnologia eco -35% consumo energetico, 2100 w, funzione antigelo, temperatura regolabile, 4 funzioni, termostato ambiente",196,"imetec silent power eco, termoventilatore silenzioso, stufetta elettrica, tecnologia eco -35% consumo energetico, 2100 w, funzione antigelo, temperatura regolabile, 4 funzioni, termostato ambiente",196,"TRUE","TRUE","TRUE"
"109","4033","B0987C1JFD","B0987C1JFD","TRUE","imetec eco ceramic, termoventilatore, stufetta elettrica, tecnologia ceramica, basso consumo energetico, silenzioso, 3 livelli di temperatura, termostato ambiente",162,"imetec eco ceramic, termoventilatore, stufetta elettrica, tecnologia ceramica, basso consumo energetico, silenzioso, 3 livelli di temperatura, termostato ambiente",162,"TRUE","TRUE","TRUE"
"110","4031","B0987C6H2S","B0987C6H2S","TRUE","imetec silent power pure, termoventilatore silenzioso con ionizzatore e timer di autospegnimento, stufetta elettrica, 2100 w, funzione antigelo, temperatura regolabile, 4 funzioni",179,"imetec silent power pure, termoventilatore silenzioso con ionizzatore e timer di autospegnimento, stufetta elettrica, 2100 w, funzione antigelo, temperatura regolabile, 4 funzioni",179,"TRUE","TRUE","TRUE"
"111","4034","B0987CNV93","B0987CNV93","TRUE","imetec eco rapid, stufa elettrica 2000 w, tecnologia a basso consumo energetico, termoconvettore 4 temperature, termostato ambiente, silenzioso",143,"imetec eco rapid, stufa elettrica 2000 w, tecnologia a basso consumo energetico, termoconvettore 4 temperature, termostato ambiente, silenzioso",143,"TRUE","TRUE","TRUE"
"112","4032","B0987D6J4J","B0987D6J4J","TRUE","imetec compact air, termoventilatore piccolo e potente, stufetta elettrica, 2000 w, maniglia integrata, temperatura regolabile, funzione antigelo, dispositivo di protezione dai surriscaldamenti",193,"imetec compact air, termoventilatore piccolo e potente, stufetta elettrica, 2000 w, maniglia integrata, temperatura regolabile, funzione antigelo, dispositivo di protezione dai surriscaldamenti",193,"TRUE","TRUE","TRUE"
"113","4029","B0987D9K2X","B0987D9K2X","TRUE","imetec silent power protection, termoventilatore silenzioso, 2100 w, stufetta elettrica, timer spegnimento programmabile, temperatura regolabile, 4 funzioni, termostato ambiente, funzione antigelo",196,"imetec silent power protection, termoventilatore silenzioso, 2100 w, stufetta elettrica, timer spegnimento programmabile, temperatura regolabile, 4 funzioni, termostato ambiente, funzione antigelo",196,"TRUE","TRUE","TRUE"
"114","11847","B09BHV4DWG","B09BHV4DWG","TRUE","bellissima imetec air wonder, spazzola ad aria calda, tecnologia a ioni, spazzole rivestite in ceramica e cheratina, asciuga, dona volume, 8 accessori, 1000 w",158,"bellissima imetec air wonder, spazzola ad aria calda, tecnologia a ioni, spazzole rivestite in ceramica e cheratina, asciuga, dona volume, 8 accessori, 1000 w",158,"TRUE","TRUE","TRUE"
"115","11808","B09BJ7LNR6","B09BJ7LNR6","TRUE","bellissima imetec steam elixir, piastra a vapore, capelli lisci in una sola passata senza danni, rivestimento in ceramica e olio argan, rapido riscaldamento, 4 temperature, tappetino termoresistente",198,"bellissima imetec steam elixir, piastra a vapore, capelli lisci in una sola passata senza danni, rivestimento in ceramica e olio argan, rapido riscaldamento, 4 temperature, tappetino termoresistente",198,"TRUE","TRUE","TRUE"
"116","11826","B09CTY5P2L","B09CTY5P2L","TRUE","bellissima imetec creativity 4 you, asciugacapelli professionale, 4 accessori, diffusore, controllo intelligente della temperatura, ion technology, beauty bag, 2 velocità, 3 temperature, 1800 w",193,"bellissima imetec creativity 4 you, asciugacapelli professionale, 4 accessori, diffusore, controllo intelligente della temperatura, ion technology, beauty bag, 2 velocità, 3 temperature, 1800 w",193,"TRUE","TRUE","TRUE"
"117","11837","B09CTZ6WKM","B09CTZ6WKM","TRUE","bellissima my pro imetec gt22 150 accessorio mermaid waves per styler arricciacapelli twist&style, ferro riscaldato forma bubbles, diametro 25 mm, rivestimento in ceramica, temperatura 190°c",190,"bellissima my pro imetec gt22 150 accessorio mermaid waves per styler arricciacapelli twist&style, ferro riscaldato forma bubbles, diametro 25 mm, rivestimento in ceramica, temperatura 190°c",190,"TRUE","TRUE","TRUE"
"118","16783","B09CTZF711","B09CTZF711","TRUE","imetec intellisense comfort, termoforo multiuso, cuscino termico, per schiena e addome, tasca per mani, rapido riscaldamento, tessuto anallergico, 5 temperature, electro block di sicurezza, lavabile",198,"imetec intellisense comfort, termoforo multiuso, cuscino termico, per schiena e addome, tasca per mani, rapido riscaldamento, tessuto anallergico, 5 temperature, electro block di sicurezza, lavabile",198,"TRUE","TRUE","TRUE"
"119","16784","B09CTZM9LJ","B09CTZM9LJ","TRUE","imetec intellisense xl, termoforo extra large schiena e gambe, cuscino termico, 38x50 cm, tessuto micro peluche, 5 temperature, electro block di sicurezza, riscaldamento rapido, lavabile in lavatrice",199,"imetec intellisense xl, termoforo extra large schiena e gambe, cuscino termico, 38x50 cm, tessuto micro peluche, 5 temperature, electro block di sicurezza, riscaldamento rapido, lavabile in lavatrice",199,"TRUE","TRUE","TRUE"
"120","16787B","B09CTZV4TM","B09CTZV4TM","TRUE","imetec intellisense cervical, termoforo per cervicale e spalle, cuscino termico, 47x52 cm, tessuto anallergico, 5 temperature, electro block di sicurezza, riscaldamento rapido, lavabile in lavatrice",198,"imetec intellisense cervical, termoforo per cervicale e spalle, cuscino termico, 47x52 cm, tessuto anallergico, 5 temperature, electro block di sicurezza, riscaldamento rapido, lavabile in lavatrice",198,"TRUE","TRUE","TRUE"
"121","11838","B09CTZZGFY","B09CTZZGFY","TRUE","bellissima my pro imetec gt22 160, accessorio hollywood waves per styler arricciacapelli twist&style, rivestimento in ceramica, temperatura 190°c, ovale, diametro 38 x 25 mm",173,"bellissima my pro imetec gt22 160, accessorio hollywood waves per styler arricciacapelli twist&style, rivestimento in ceramica, temperatura 190°c, ovale, diametro 38 x 25 mm",173,"TRUE","TRUE","TRUE"
"122","7500","B09CYDKRZ6","B09CYDKRZ6","TRUE","imetec frullafacile, frullatore a immersione, gambo xl, lame in acciaio inox, funzionamento a impulsi, bicchiere graduato da 700 ml bpa free, 800 w, impugnatura ergonomica",171,"imetec frullafacile, frullatore a immersione, gambo xl, lame in acciaio inox, funzionamento a impulsi, bicchiere graduato da 700 ml bpa free, 800 w, impugnatura ergonomica",171,"TRUE","TRUE","TRUE"
"123","7912","B09CYM6KR3","B09CYM6KR3","TRUE","imetec frullarapido+, frullatore a immersione, gambo xl in acciaio, lame in acciaio inox, funzionamento a impulsi, bicchiere graduato da 700 ml bpa free, 800 w",159,"imetec frullarapido+, frullatore a immersione, gambo xl in acciaio, lame in acciaio inox, funzionamento a impulsi, bicchiere graduato da 700 ml bpa free, 800 w",159,"TRUE","TRUE","TRUE"
"124","16719B","B09GTTY863","B09GTTY863","TRUE","imetec scaldasonno adapto maxi coprimaterasso matrimoniale 195x165 cm, basso consumo, riscaldamento rapido, temperatura personalizzata, 100% cotone percalle trapuntato, doppio comando, 6 temperature",198,"imetec scaldasonno adapto maxi coprimaterasso matrimoniale 195x165 cm, basso consumo, riscaldamento rapido, temperatura personalizzata, 100% cotone percalle trapuntato, doppio comando, 6 temperature",198,"TRUE","TRUE","TRUE"
"125","7502","B09K7ZS81N","B09K7ZS81N","TRUE","imetec friggileggero - friggitrice ad aria multifunzione, 12 programmi, riscaldamento rapido, 18 l, 1550 w, comandi digitali, cestello, griglia, leccarda, ricettario, 40x36x34,5 cm",180,"imetec friggileggero - friggitrice ad aria multifunzione, 12 programmi, riscaldamento rapido, 18 l, 1550 w, comandi digitali, cestello, griglia, leccarda, ricettario, 40x36x34,5 cm",180,"TRUE","TRUE","TRUE"
"126","16785","B09KV6G5KT","B09KV6G5KT","TRUE","imetec intellisense essential, termoforo multiuso, cuscino termico, 40x35 cm, tessuto anallergico, 5 temperature, electro block di sicurezza, lavabile, 40x35 cm",160,"imetec intellisense essential, termoforo multiuso, cuscino termico, 40x35 cm, tessuto anallergico, 5 temperature, electro block di sicurezza, lavabile, 40x35 cm",160,"TRUE","TRUE","TRUE"
"127","5827","B09N2JV9X3","B09N2JV9X3","TRUE","imetec pro, bilancia pesapersone meccanica, rileva il peso in modo chiaro e affidabile, pedana antiscivolo, portata max 150 kg, divisione 1 kg, funzionamento analogico",167,"imetec pro, bilancia pesapersone meccanica, rileva il peso in modo chiaro e affidabile, pedana antiscivolo, portata max 150 kg, divisione 1 kg, funzionamento analogico",167,"TRUE","TRUE","TRUE"
"128","9030","B09SDHHKJZ","B09SDHHKJZ","TRUE","imetec intellifast, ferro da stiro a vapore, tecnologia intelli system, impostazione automatica della temperatura, piastra ceramic diamond, protezione anticalcare, 2400 w, colpo vapore 200 g",190,"imetec intellifast, ferro da stiro a vapore, tecnologia intelli system, impostazione automatica della temperatura, piastra ceramic diamond, protezione anticalcare, 2400 w, colpo vapore 200 g",190,"TRUE","TRUE","TRUE"
"129","11824","B09SGB55N4","B09SGB55N4","TRUE","bellissima imetec diffon supreme, diffusore ad aria calda per capelli ricci, diffusore xl con 12 dita, tecnologia ceramica&argan oil, 2 velocità, 3 temperature, asciugatura delicata",181,"bellissima imetec diffon supreme, diffusore ad aria calda per capelli ricci, diffusore xl con 12 dita, tecnologia ceramica&argan oil, 2 velocità, 3 temperature, ionizzatore, asciugatura delicata",194,"NEED FIX","NEED FIX","NEED FIX"
"130","11849","B09ZJ9QXZY","B09ZJ9QXZY","TRUE","bellissima imetec creativity ceramic & tourmaline, piastra per capelli, liscio o mosso, rivestimento in ceramica e tormalina, regolazione temperatura da 150-230°c, riscaldamento rapido",184,"bellissima imetec creativity ceramic & tourmaline, piastra per capelli, liscio o mosso, rivestimento in ceramica e tormalina, regolazione temperatura da 150-230°c, riscaldamento rapido",184,"TRUE","TRUE","TRUE"
"131","9033","B0B1QV8TWC","B0B1QV8TWC","TRUE","imetec rapidvapor ferro da stiro generatore di vapore, piastra fluid ceramic a rapido riscaldamento, leggero, sistema di pulizia calc clean, colpo vapore 240 g, 2400 w, 5 bar pump",179,"imetec rapidvapor ferro da stiro generatore di vapore, piastra fluid ceramic a rapido riscaldamento, leggero, sistema di pulizia calc clean, colpo vapore 240 g, 2400 w, 5 bar pump",179,"TRUE","TRUE","TRUE"
"132","16788","B0B8JFYZ34","B0B8JFYZ34","TRUE","imetec intellisensefeet scaldapiedi, tecnologia intellisense, tessuto morbido, 5 temperature, autospegnimento, dispositivo sicurezza electro block, rivestimento lavabile in lavatrice, 52x54 cm",192,"imetec intellisensefeet scaldapiedi, tecnologia intellisense, tessuto morbido, 5 temperature, autospegnimento, dispositivo sicurezza electro block, rivestimento lavabile in lavatrice, 52x54 cm",192,"TRUE","TRUE","TRUE"
"133","11900","B0B9HC9HSR","B0B9HC9HSR","TRUE","bellissima imetec kit bellezza capelli con asciugacapelli professionale, tecnologia ceramica e cheratina e piastra lisciante a vapore, rivestimento in ceramica e cheratina, idea regalo",184,"bellissima imetec kit bellezza capelli con asciugacapelli professionale, tecnologia ceramica e cheratina e piastra lisciante a vapore, rivestimento in ceramica e cheratina",171,"NEED FIX","NEED FIX","NEED FIX"
"134","9029","B0BCPB5TYQ","B0BCPB5TYQ","TRUE","imetec activation ferro da stiro a vapore, piastra scorrevole in ceramica e tormalina, colpo vapore 200 g, tecnologia anticalcare zerocalc, antigoccia, eco, 2400 w",163,"imetec activation ferro da stiro a vapore, piastra scorrevole in ceramica e tormalina, colpo vapore 200 g, tecnologia anticalcare zerocalc, antigoccia, eco, 2400 w",163,"TRUE","TRUE","TRUE"
"135","7503","B0BDVBHWWD","B0BDVBHWWD","TRUE","imetec cakelover, impastatrice planetaria di 5 lt per dolci, creme, pizza, pane, pasta - 1500w, 6 velocità, con ciotola in acciaio inox, doppio gancio, fruste - design compatto, ricettario incluso",196,"imetec cakelover, impastatrice planetaria per dolci, creme e impasti salati, accessoriata, compatta, 1500w, fruste, pale e ganci, contenitore inox, 5 litri, 6 velocità, ricettario",179,"NEED FIX","NEED FIX","NEED FIX"
"136","11735","B0BFBDBJK2","B0BFBDBJK2","TRUE","bellissima imetec diffon ceramic & argan oil, diffusore ad aria calda per capelli ricci, tecnologia ceramica e olio di argan, 2 livelli aria/temperatura, asciugatura delicata, 700 w",181,"bellissima imetec diffon ceramic & argan oil, diffusore ad aria calda per capelli ricci, tecnologia ceramica e olio di argan, 2 livelli aria/temperatura, asciugatura delicata, 700 w",181,"TRUE","TRUE","TRUE"
"137","11840","B0BFGMJSV6","B0BFGMJSV6","TRUE","bellissima imetec twist&style arricciacapelli, manico + 4 accessori per ricci e onde, temperatura automatica, riscaldamento rapido, rivestimento in ceramica, orientabile a 90°, idea regalo",188,"bellissima twist&style arricciacapelli, manico + 4 accessori per ricci e onde, temperatura automatica, riscaldamento rapido, rivestimento in ceramica, orientabile a 90°, idea regalo",181,"NEED FIX","NEED FIX","NEED FIX"
"138","16936","B0BLCXY3J8","B0BLCXY3J8","TRUE","imetec adapto elegance, plaid riscaldabile, coperta elettrica, 180 x 140 cm, tessuto morbido velvet double face, risparmio energetico, tecnologia adapto, rapido riscaldamento, 6 temperature, lavabile",199,"imetec adapto elegance, plaid riscaldabile, coperta elettrica, 180x140 cm, tessuto morbido velvet double face, risparmio energetico, tecnologia adapto, rapido riscaldamento, 6 temperature, lavabile",197,"NEED FIX","NEED FIX","NEED FIX"
"139","16937","B0BLCZ42BG","B0BLCZ42BG","TRUE","imetec adapto grand luxe, plaid riscaldabile, coperta elettrica, 180 x 140 cm, tessuto morbido peluche sherpa, risparmio energetico, tecnologia adapto, rapido riscaldamento, 6 temperature, lavabile",197,"imetec adapto grand luxe, plaid riscaldabile, coperta elettrica, 180x140 cm, tessuto morbido peluche sherpa, risparmio energetico, tecnologia adapto, rapido riscaldamento, 6 temperature, lavabile",195,"NEED FIX","NEED FIX","NEED FIX"
"140","11758","B0BNL2X57R","B0BNL2X57R","TRUE","bellissima imetec steam ceramic & argan oil, piastra lisciante a vapore, rivestimento in ceramica e olio di argan, 3 livelli di temperatura, riscaldamento rapido, piastre oscillanti, autospegnimento",198,"bellissima imetec steam ceramic & argan oil, piastra lisciante a vapore, rivestimento in ceramica e olio di argan, 3 livelli di temperatura, riscaldamento rapido, piastre oscillanti, autospegnimento",198,"TRUE","TRUE","TRUE"
"141","11789","B0BQC5XRMF","B0BQC5XRMF","TRUE","bellissima imetec ceramic & argan oil 6 in 1, spazzola ad aria calda, 6 accessori, tecnologia a ioni, spazzole rivestite in ceramica e olio di argan, asciuga e dona volume, colpo aria fredda, 1000 w",198,"bellissima imetec ceramic & argan oil 6 in 1, spazzola ad aria calda, 8 accessori, tecnologia a ioni, spazzole rivestite in ceramica e olio di argan, asciuga e dona volume, colpo aria fredda, 1000 w",198,"NEED FIX","TRUE","NEED FIX"
